0
4360 0
4370 5660 0 
-1 5790 10390 0 
-1 -1 6480 -1 0
-1 -1 6310 9520 3060 0
-1 -1 -1 7020 -1 -1 0
-1 -1 -1 3570 -1 -1 4680
-1 -1 -1 -1 -1 6500 5870 6160 0
-1 -1 -1 -1 -1 -1 11070 -1 -1 0
-1 -1 -1 -1 -1 -1 -1 -1 -1 5470 0
-1 -1 -1 -1 -1 -1 -1 -1 4650 11850 -1 0
-1 -1 -1 -1 -1 -1 -1 -1 -1 6910 4150 5160 0
-1 -1 -1 -1 -1 -1 -1 -1 6950 -1 -1 -1 -1 0
-1 -1 -1 -1 -1 -1 -1 -1 -1 -1 -1 -1 -1 5280 0
-1 -1 -1 -1 -1 -1 -1 -1 -1 -1 4270 -1 6570 -1 -1 0
-1 -1 -1 -1 -1 -1 -1 -1 -1 -1 -1 -1 8830 -1 1780 9460 0
-1 -1 -1 -1 -1 -1 -1 -1 -1 -1 -1 -1 -1 -1 9040 -1 4710 0